20006
20027
20040
20068
20069
20087
20105
20108
20112
20119
20121
20122
20123
20127
20137
20140
20143
20148
20152
20154
20160
20161
20164
20168
20182
20189
20194
20205
20207
20209
20220
20221
20224
20232
20240
20242
20243
20247
20249
20257
20262
20267
20268
20283
20295
20299
20311
20319
20332
20336
20347
20348
20350
20370
20371
20373
20374
20375
20392
20402
20407
20420
20426
20430
20439
20440
20442
20446
20449
20450
20453
20458
20462
20465
20480
20485
20498
20501
20507
20508
20510
20515
20523
20528
20537
20560
20561
20570
20576
20582
20597
20601
20605
20607
20617
20620
20627
20628
20634
20653
20654
20663
20666
20679
20685
20686
20692
20699
20710
20713
20716
20730
20740
20755
20759
20764
20784
20790
20792
20794
20807
20811
20820
20827
20845
20855
20856
20887
20890
20894
20910
20913
20921
20930
20939
20941
20943
20959
20961
20964
20970
20972
21026
21028
21030
21032
21100
21105
21106
21123
21124
21125
21126
21135
21137
21150
21151
21164
21166
21185
21196
21201
21206
21209
21217
21237
21239
21244
21268
21277
21286
21288
21301
21311
21322
21332
21336
21358
21378
21385
21386
21389
21393
21395
21402
21411
21419
21440
21456
21464
21515
21554
21575
21600
21605
21607
21642
21643
21689
21717
21754
21774
21780
21781
21798
21800
21808
21821
21828
21831
21832
21834
21837
21848
21866
21869
21872
21940
21948
21956
21961
21986
21992
21993
21995
22000
22018
22020
22049
22111
22174
22179
22187
22253
22267
22308
22325
22331
22332
22345
22360
22361
22370
22413
22442
22448
22455
22519
22522
22524
22536
22731
22777
22817
22828
23235
23541
23556
23581
23632
23645
23652
23719
23742
23819
23826
23845
23846
23871
23877
23878
23889
23890
23897
23900
23902
23907
23914
24002
24018
24035
24045
24048
24051
24055
24062
24063
24065
24066
24105
24107
24126
24143
24145
24151
24152
24154
24160
24164
24170
24177
24206
24211
24216
24235
24239
24241
24245
24254
24259
24272
24299
24304
24315
24316
24317
24337
24359
24368
24376
24431
24466
24652
24793
24827
24836
24845
24869
24891
24913
24955
24999
25010
25014
25017
25068
25091
25110
25132
25145
25152
25178
25219
25293
25567
25595
25599
25607
25680
25791
25805
26029
26081
26132
26156
26164
26183
26214
26223
26224
26252
26261
26262
26302
26307
26523
26564
26602
26640
26645
26665
26689
26697
26727
26728
26797
26864
26889
26900
26908
26918
26926
26967
26974
27034
27047
27050
27195
27200
27204
27205
27236
27263
27270
27397
27441
27494
27593
27608
27625
27635
27640
27921
27923
27932
27955
27982
28033
28038
28666
29145
29329
29600
29871
29874
29879
30698
31131
31860
31862
32004
32113
32327
32329
32337
32344
32352
32354
32355
32359
32361
32365
32372
32376
32379
32390
32392
32398
32424
32442
32459
32463
32464
32470
32482
32502
32514
32519
32523
32532
32544
32548
32550
32552
32554
32555
32556
32562
32572
32578
32581
32601
32610
32611
32613
32615
32620
32628
32637
32638
32640
32641
32642
32645
32646
32647
32649
32651
32655
32667
32673
32683
32690
33058
34150
34187
34210
34212
34227
34232
34252
34286
34300
34303
34364
34392
34401
34402
34456
34465
34490
34492
34503
34545
34566
34573
34580
34586
34590
34609
34627
34653
34665
34695
34712
34723
34737
34742
34753
34773
34803
34849
34855
34864
34871
34872
34877
34881
34928
34930
34948
34956
34961
34962
34972
34973
35001
35152
35180
35204
35957
36299
36690
37185
37208
37303
37495
37523
37706
37708
37709
37712
38298
38321
38732
38939
39223
39336
40001
40002
40112
40361
40363
40371
40694
40713
40742
40788
41248
41376
41623
41691
42059
42121
42423
43709
43938
44203
44337
44493
44564
44581
47138
47167
47246
47248
47252
47254
47255
47258
47261
47264
47268
47270
47272
47274
47277
47278
47279
47283
47285
47287
47288
47289
47292
47294
47295
47296
47297
47299
47301
47303
47304
47305
47306
47307
47308
47309
47310
47311
47312
47313
47315
47318
47322
47324
47325
47327
47328
47330
47331
47333
47335
47337
47339
47341
47344
47346
47347
47348
47349
47355
47356
47357
47358
47359
47360
47362
47363
47366
47367
47368
47369
47371
47372
47374
47376
47394
47456
47526
47527
47528
47538
47540
47542
47553
47558
47565
47576
47598
47628
